47 103
47 117
47 131
46 145
49 158
57 170
68 178
79 186
92 190
105 189
116 182
125 174
133 165
137 153
140 140
143 128
146 115
62  95
70  91
79  92
88  94
97  98
114 100
122  99
130 100
138 102
142 108
105 106
104 115
103 123
103 132
91 135
95 138
100 141
105 140
110 138
73 102
78 100
84 101
89 106
83 105
77 104
115 110
121 106
127 107
132 111
126 112
121 111
74 148
83 147
91 147
98 149
105 149
111 151
118 154
110 160
102 162
95 162
88 161
81 156
76 149
91 150
97 151
104 152
115 155
103 158
96 158
90 156