148 215
148 242
149 269
155 296
169 318
189 336
213 353
236 367
262 369
285 363
301 344
314 323
326 302
333 280
335 258
333 236
331 216
184 205
197 192
216 186
235 188
253 195
274 193
289 187
304 184
319 188
325 201
265 210
267 227
269 244
271 261
242 266
255 270
268 275
279 270
287 266
206 214
216 210
226 209
236 214
226 216
216 216
283 213
293 208
303 208
311 212
303 214
294 214
211 290
231 287
250 287
264 289
276 286
289 285
300 287
289 307
277 316
264 319
249 318
229 309
216 292
250 293
264 294
276 291
294 289
276 303
263 307
250 306