55  98
56 107
58 117
62 127
67 137
71 148
76 158
82 167
94 169
107 167
120 158
133 149
143 137
149 124
151 108
150  94
148  79
53  84
55  78
60  76
66  76
73  78
81  75
90  69
101  67
112  68
122  73
77  85
77  93
75 101
74 109
73 118
76 119
80 119
85 117
90 116
59  91
62  86
68  86
74  89
69  92
63  93
95  85
99  79
106  78
112  81
107  84
101  85
75 138
75 131
79 127
83 128
88 126
96 127
106 132
99 138
92 141
87 143
82 143
78 143
77 138
80 131
84 130
89 129
103 132
90 136
85 137
81 137